1000 1000
10 30 64 26 34 37 4163 15 4896 29 262145 2092 6 58 15 514 1034 39 30 4194386 43 15 54 67 16391 396 328 0 32 96 46 8324 14 278 166 23 26 13 16777349 56 51 27 92 1344 44 45 27 42 3 8 34 46 265 833 14 58 83 102 16393 6 60 12 262528 130 1045 5 262185 141 646 15 152 1066 131 513 4196 11 657 1548 27 268 520 65576 4136 528389 27 15 57 133 2092 141344 170 16 2050 521 90 657 99 60 15 144 16391 1059 1061 40 30 1093 29 54 134220096 2307 538 524 57 15 14 593 524321 15 85 9 45 272 140 101 274 14 36 23 16440 78 292 4358 15 39 530 81 262658 170 42 38 6156 553 30 19 3 612 4194440 10 37 20 54 24 15 90 2068 16 388 525 545 16428 43 60 11 16458 1027 456 105 88 101 3105 4115 2050 264 149 27 8292 51 33 60 6 43 67 773 29 28 27 40 514 27 52 75 78 1280 516 34 16395 172 30 163 39 265 7 1794 23 120 120 90 101 13 297 106 57 30 513 60 524292 5130 2309 54 2118 133121 106 2097156 529 197 15 312 78 152 4161 8193 28 43 4616 92 1090 133 2307 1091 51 30 34 60 27 516 275 135 228 9 10 15 534 297 8204 66 202 134 42 536875018 45 2072 139270 204 4 0 45 135 86 2566 11 57 1281 85 1316 519 33042 27 77 257 28 45 131100 15 2097156 15 15 30 46 15 8416 102 1286 15 3 113 1162 32775 43 102 147 2053 113 120 7 264201 12 771 2130 89 1155 57 97 60 15 8205 15 523 2 15 90 32777 3 3082 15 281 15 129 297 1 15 524309 8933376 101 15 134217768 198 16398 8229 322 71 83 65 7 204 137 201 263 15 8212 35 53 139 2097 2569 27 15 282 5 257 4610 54 26 5 45 85 150 150 2 6 306 15 77 39 60 27 19 9 7 15 6 149 116 27 83 15 138 2572 8273 15 16400 5153 15 6336 46 8199 9 15 2053 2076 261 131114 387 8248 51 15 76 27 71 304 300 16400 561 6 32 116 15 526 1289 39 44 523 4169 424 27 15 29 78 8584 29 15 24 16781318 71 648 4169 153 51 15 30 8450 69 98 40969 517 2061 142 4360 19 135 209 23 153 29 135 1031 89 0 15 292 84 5 204 154 108 15 523 1540 131107 550 32773 4096 337 46 1048609 16402 7 272 1 8236 16777346 41 30 16516 50 30 29 184 1068 13 562 1292 23 5136 83 10 23 15 197 85 30 526 42 43 18436 200 16777473 15 261 15 51 525 2105354 139 516 15 41028 28 99 145 32868 65634 16425 6 65 65550 1026 2097216 2 204 30 2 20 68 16384 77 116 73 30 43 45 1217 278 1122 15 608 769 105 131328 268 71 51 1056 150 66192 2054 13 526 267 322 30 36874 524418 58 131140 43 116 524312 1050 225 8 15 22 2061 43 32808 8453 7 9 4 1068 85 585 277 773 113 135 35 804 102 8194 92 96 21 120 15 8248 42 8198 4232 16652 14 15 258 20 16521 29 1 554 32805 834 64 8976 7 43 8195 75 145 16580 139 162 98 15 22 278593 15 228 1048656 2384 7 522 657 16401 1094 15 164 26 139 23 2 29 8388904 13 1037 1031 649 4194309 12 7 516 53 89 8705 24642 141 2 28 75 54 14 102 7 1093 144 22 1 3 141 524 197 67110918 169 585 4194377 1352 1 25 293 38 39 7 129 521 15 9 34 129 3 4109 15 54 46 1 10 2097161 22 6144 148 2062 1048578 28 36 78 16 78 26 39 326 524301 15 64 262148 2061 77 54 23 65793 23 132 2097 154 2145 46 294 43 99 132 30 15 1157 105 27 29 4244 15 57 65570 291 32773 540 8268 1046 27 84 10 39 326 177 4 153 304 46 519 15 293 15 32856 67108937 57 46 60 300 169 8229 30 58 262169 21 77 101 258 568 120 106 2052 15 92 149 36 20552 27 172 16424 2065 27 156 15 263 27 149 43 78 16779281 101 337 76 54 153 17 15 67108864 10 15 85 27 537 3 10 278 150 284 105 12 166 45 16384 1091 29 780 72 524296 25 84 142 6 129 5 19 73 43 71 0 524313 104 66088 101 97 4620 1122 89 148 550 71 114 1544 58 45 134 131587 39 169 526 39 195 46 153 275 114 269 43 30 42 32789 0 15 2097408 258 290 1037 15 32781 58 15 15 524992 1352 15 3 2050 1665 153 23 162 35 43 8707 43 57 131104 75 1304 77 27 329 71 92 30 139 2 8 2116 57 43 4 2118 99 177 15 27 137 288 8456 42 22 27 53 84 537002498 1 8204 12 15 51 32 545 60 32770 57 2210 43 771 32 16481 51 33537 401 50 280 23 8484 270 526 48 19 68 51 1033 20 142 15 29 0 387 547 8220 4364 176 0 26 297 1162 30 129 1091 22 46 136 338 784 393 45 142 262 390 162 165 4108 30 8392 23 2055 58 39 133 15 4737 140 19 267 15 2053 584 70 50 51 640 33808 77 201 33 46
1 2
1 3
3 4
3 5
4 6
6 7
3 8
1 9
1 10
10 11
10 12
12 13
10 14
10 15
5 16
16 17
13 18
14 19
16 20
11 21
17 22
11 23
18 24
14 25
19 26
22 27
19 28
21 29
24 30
19 31
23 32
30 33
22 34
24 35
27 36
34 37
33 38
34 39
29 40
40 41
32 42
34 43
39 44
38 45
45 46
38 47
47 48
43 49
42 50
42 51
49 52
45 53
48 54
43 55
51 56
47 57
52 58
47 59
56 60
52 61
59 62
51 63
61 64
54 65
54 66
56 67
61 68
65 69
63 70
63 71
70 72
65 73
67 74
69 75
74 76
73 77
73 78
69 79
76 80
78 81
79 82
78 83
78 84
79 85
75 86
78 87
86 88
80 89
79 90
84 91
90 92
85 93
86 94
92 95
87 96
95 97
90 98
98 99
99 100
97 101
91 102
101 103
96 104
97 105
97 106
104 107
103 108
100 109
108 110
106 111
104 112
103 113
111 114
109 115
110 116
108 117
112 118
117 119
109 120
117 121
121 122
120 123
117 124
114 125
122 126
124 127
118 128
127 129
120 130
123 131
127 132
128 133
129 134
130 135
132 136
129 137
136 138
130 139
137 140
138 141
130 142
132 143
135 144
141 145
139 146
146 147
142 148
148 149
143 150
143 151
146 152
150 153
142 154
149 155
148 156
154 157
155 158
151 159
158 160
154 161
158 162
156 163
153 164
154 165
161 166
159 167
158 168
164 169
158 170
162 171
160 172
164 173
168 174
170 175
172 176
165 177
174 178
173 179
173 180
175 181
170 182
181 183
180 184
180 185
175 186
181 187
185 188
187 189
179 190
190 191
190 192
190 193
185 194
192 195
194 196
195 197
187 198
196 199
198 200
194 201
195 202
201 203
194 204
204 205
198 206
198 207
206 208
207 209
198 210
209 211
208 212
205 213
210 214
207 215
210 216
205 217
211 218
217 219
214 220
214 221
211 222
211 223
212 224
213 225
225 226
221 227
222 228
220 229
228 230
220 231
226 232
224 233
223 234
233 235
231 236
230 237
230 238
238 239
230 240
233 241
231 242
240 243
235 244
235 245
243 246
235 247
237 248
248 249
249 250
241 251
243 252
244 253
248 254
245 255
245 256
253 257
251 258
253 259
255 260
249 261
250 262
260 263
260 264
264 265
259 266
260 267
258 268
262 269
261 270
265 271
269 272
272 273
268 274
263 275
273 276
272 277
273 278
272 279
275 280
274 281
273 282
282 283
277 284
279 285
281 286
281 287
282 288
282 289
288 290
290 291
281 292
289 293
290 294
290 295
290 296
290 297
293 298
287 299
293 300
294 301
296 302
299 303
303 304
296 305
302 306
299 307
297 308
306 309
302 310
302 311
303 312
308 313
310 314
304 315
308 316
308 317
308 318
314 319
317 320
319 321
313 322
312 323
323 324
316 325
325 326
315 327
321 328
321 329
326 330
319 331
325 332
327 333
325 334
331 335
329 336
334 337
328 338
327 339
332 340
332 341
340 342
337 343
340 344
340 345
342 346
336 347
337 348
347 349
341 350
343 351
344 352
351 353
343 354
346 355
355 356
345 357
354 358
350 359
355 360
354 361
355 362
354 363
363 364
357 365
362 366
355 367
357 368
363 369
361 370
368 371
371 372
363 373
363 374
365 375
367 376
370 377
376 378
377 379
377 380
375 381
377 382
374 383
378 384
374 385
383 386
381 387
376 388
382 389
379 390
381 391
388 392
383 393
386 394
389 395
388 396
385 397
394 398
387 399
396 400
392 401
397 402
392 403
401 404
395 405
403 406
401 407
397 408
407 409
401 410
402 411
407 412
412 413
404 414
413 415
411 416
410 417
416 418
411 419
416 420
418 421
416 422
416 423
416 424
419 425
423 426
421 427
417 428
420 429
426 430
424 431
430 432
426 433
424 434
424 435
427 436
429 437
432 438
435 439
432 440
434 441
430 442
431 443
435 444
434 445
434 446
446 447
445 448
437 449
449 450
441 451
447 452
446 453
444 454
446 455
455 456
451 457
447 458
458 459
450 460
449 461
455 462
451 463
460 464
458 465
455 466
464 467
467 468
457 469
469 470
464 471
467 472
465 473
470 474
464 475
473 476
472 477
476 478
467 479
470 480
475 481
477 482
475 483
476 484
478 485
474 486
480 487
482 488
484 489
486 490
487 491
486 492
487 493
486 494
489 495
488 496
486 497
487 498
492 499
495 500
500 501
496 502
497 503
498 504
494 505
500 506
504 507
499 508
503 509
508 510
507 511
502 512
501 513
508 514
509 515
510 516
505 517
512 518
518 519
513 520
520 521
515 522
514 523
523 524
518 525
524 526
517 527
516 528
526 529
522 530
525 531
525 532
527 533
531 534
531 535
530 536
527 537
526 538
535 539
528 540
535 541
538 542
540 543
537 544
535 545
542 546
540 547
539 548
539 549
538 550
540 551
547 552
550 553
547 554
554 555
548 556
550 557
548 558
551 559
553 560
559 561
561 562
552 563
556 564
555 565
560 566
562 567
561 568
559 569
565 570
569 571
560 572
564 573
572 574
571 575
568 576
572 577
568 578
576 579
577 580
580 581
573 582
578 583
576 584
577 585
581 586
584 587
580 588
588 589
579 590
584 591
585 592
585 593
593 594
592 595
585 596
591 597
594 598
588 599
589 600
595 601
597 602
593 603
599 604
602 605
600 606
599 607
600 608
607 609
603 610
602 611
610 612
602 613
611 614
608 615
609 616
607 617
609 618
618 619
613 620
609 621
618 622
618 623
615 624
623 625
625 626
616 627
624 628
628 629
621 630
621 631
631 632
629 633
628 634
629 635
633 636
628 637
636 638
630 639
634 640
638 641
631 642
637 643
633 644
636 645
634 646
639 647
638 648
641 649
648 650
645 651
641 652
648 653
651 654
653 655
648 656
648 657
651 658
649 659
649 660
649 661
653 662
656 663
659 664
654 665
664 666
656 667
666 668
663 669
669 670
665 671
660 672
672 673
670 674
670 675
666 676
665 677
666 678
676 679
674 680
671 681
678 682
677 683
676 684
677 685
685 686
686 687
680 688
681 689
681 690
690 691
689 692
683 693
692 694
686 695
692 696
691 697
694 698
694 699
693 700
699 701
690 702
702 703
698 704
703 705
701 706
702 707
700 708
705 709
709 710
710 711
709 712
708 713
707 714
712 715
714 716
708 717
707 718
711 719
709 720
712 721
719 722
721 723
717 724
719 725
716 726
720 727
727 728
727 729
727 730
721 731
721 732
732 733
730 734
733 735
734 736
733 737
731 738
735 739
736 740
739 741
737 742
742 743
732 744
740 745
736 746
743 747
742 748
745 749
749 750
740 751
741 752
745 753
743 754
750 755
750 756
751 757
748 758
751 759
755 760
759 761
759 762
756 763
759 764
763 765
758 766
764 767
764 768
767 769
763 770
770 771
770 772
772 773
769 774
767 775
765 776
771 777
768 778
772 779
770 780
776 781
773 782
780 783
772 784
774 785
785 786
776 787
780 788
786 789
785 790
784 791
790 792
787 793
786 794
786 795
789 796
790 797
793 798
794 799
797 800
790 801
795 802
799 803
796 804
797 805
794 806
804 807
797 808
806 809
801 810
802 811
808 812
808 813
813 814
813 815
810 816
805 817
816 818
815 819
816 820
810 821
814 822
814 823
823 824
821 825
817 826
820 827
827 828
817 829
820 830
820 831
825 832
827 833
824 834
828 835
830 836
834 837
833 838
832 839
829 840
829 841
839 842
834 843
837 844
833 845
835 846
838 847
846 848
845 849
839 850
844 851
849 852
841 853
851 854
847 855
848 856
848 857
846 858
854 859
855 860
853 861
860 862
854 863
862 864
856 865
864 866
862 867
866 868
863 869
858 870
861 871
870 872
863 873
865 874
868 875
869 876
865 877
869 878
875 879
879 880
869 881
877 882
879 883
883 884
874 885
879 886
884 887
887 888
877 889
880 890
882 891
884 892
888 893
887 894
883 895
888 896
895 897
886 898
893 899
893 900
898 901
890 902
891 903
903 904
900 905
895 906
901 907
901 908
899 909
908 910
907 911
910 912
912 913
913 914
903 915
905 916
908 917
907 918
911 919
908 920
919 921
919 922
917 923
920 924
914 925
924 926
923 927
919 928
919 929
926 930
928 931
925 932
923 933
927 934
927 935
928 936
928 937
928 938
931 939
935 940
931 941
930 942
936 943
939 944
933 945
945 946
945 947
939 948
943 949
942 950
950 951
944 952
946 953
950 954
945 955
953 956
950 957
957 958
955 959
953 960
959 961
961 962
953 963
961 964
956 965
962 966
966 967
965 968
960 969
963 970
967 971
961 972
961 973
963 974
969 975
971 976
976 977
971 978
968 979
977 980
974 981
975 982
972 983
978 984
978 985
982 986
985 987
985 988
983 989
989 990
982 991
989 992
989 993
983 994
985 995
988 996
996 997
994 998
988 999
990 1000
873 889
345 596
43 112
371 558
405 700
620 712
72 42
194 508
445 603
914 390
320 11
792 322
30 879
931 734
701 445
835 80
538 988
248 252
787 813
610 762
189 416
909 493
47 111
913 77
709 928
65 158
658 397
465 963
623 997
221 242
49 872
186 948
696 568
705 174
214 151
185 360
687 390
930 973
1000 693
404 692
790 622
338 47
585 877
104 87
194 75
317 713
261 126
563 241
630 538
567 84
688 749
351 24
339 641
246 50
382 277
134 613
413 131
808 52
759 931
498 219
892 909
65 921
429 755
224 4
589 255
366 650
857 363
317 1
131 146
137 359
767 291
30 110
32 855
599 859
336 854
116 677
79 833
539 43
801 567
928 526
674 462
898 501
432 146
491 905
954 982
83 543
843 555
531 129
235 290
930 808
877 655
389 902
184 983
2 167
225 998
253 277
224 360
995 245
536 232
928 207
865 76
487 797
648 593
739 874
223 812
140 39
882 527
391 73
788 174
854 135
986 462
260 464
717 144
9 159
355 8
281 204
832 277
91 284
612 574
366 807
657 754
562 291
827 422
211 227
577 521
199 954
464 996
169 647
116 763
897 428
34 5
2 648
487 371
455 53
907 54
884 800
399 970
838 952
837 506
74 12
90 409
971 783
861 440
211 50
258 748
139 433
934 891
38 763
325 144
690 426
570 371
765 137
220 972
761 889
231 142
134 173
764 436
298 437
90 380
71 534
680 866
93 451
147 578
170 169
471 217
313 250
424 788
310 402
140 266
185 344
22 204
134 263
262 880
78 600
337 47
949 735
46 260
308 125
710 870
333 781
396 661
86 858
849 137
678 397
495 263
103 73
884 865
239 247
665 920
801 33
487 441
662 773
449 657
854 135
302 325
243 921
826 322
189 50
481 556
744 365
495 796
699 219
68 690
320 636
413 470
940 824
859 185
525 201
570 790
342 624
688 999
756 153
101 949
315 852
572 955
742 196
966 975
318 38
740 272
993 981
474 738
281 931
678 906
206 612
223 680
528 314
96 683
611 5
723 629
32 446
390 962
14 364
527 942
590 747
370 920
236 418
219 709
35 945
548 914
843 547
686 945
505 156
868 55
485 116
47 532
693 788
724 873
52 746
115 368
217 547
7 932
398 182
700 905
277 511
434 695
605 653
656 873
766 908
607 584
706 156
53 453
319 124
236 527
396 992
75 53
74 891
231 103
133 182
198 585
641 582
715 748
46 949
133 565
536 222
958 793
637 104
23 728
397 308
312 10
245 677
839 41
694 826
668 732
362 489
150 631
434 387
210 519
618 46
729 820
737 387
842 927
67 576
600 42
778 600
618 387
31 852
892 465
298 920
785 927
663 553
225 155
347 145
403 574
927 45
679 216
114 328
486 993
707 439
236 814
697 780
298 670
557 13
890 826
412 165
307 950
869 421
971 100
274 116
401 501
319 679
894 133
939 225
378 172
43 453
944 763
662 889
519 501
254 581
866 168
183 274
827 636
357 800
938 803
290 136
327 799
513 784
870 33
184 295
469 418
836 816
887 30
303 675
744 192
202 35
869 964
838 825
982 636
88 243
731 741
746 553
82 981
508 497
259 505
426 428
988 271
331 726
268 203
279 130
551 936
983 85
194 227
783 506
432 643
580 267
951 647
487 124
279 666
405 196
900 633
835 373
211 396
963 363
806 210
903 208
237 58
298 793
905 95
962 974
523 76
112 529
486 976
302 748
908 541
630 976
858 57
206 545
364 537
987 399
977 204
514 18
381 245
651 82
328 229
676 665
200 8
646 489
272 563
642 687
951 457
392 568
102 934
874 67
179 528
303 350
591 198
609 835
708 622
320 816
814 28
488 382
230 623
615 223
729 246
511 657
353 951
461 329
66 708
187 660
671 332
896 693
717 790
394 231
347 54
13 564
329 326
609 326
627 202
692 943
438 875
374 500
848 531
86 975
836 760
447 439
927 509
594 257
27 818
50 857
636 891
731 454
474 873
275 935
459 181
645 158
396 881
953 986
569 715
202 268
728 414
168 740
155 988
973 905
100 466
125 676
751 905
394 646
756 896
60 281
774 297
795 389
725 311
402 668
133 540
31 427
989 486
224 148
175 967
204 196
462 369
338 669
236 709
794 228
486 811
215 680
316 252
270 55
214 506
18 101
804 826
783 620
730 747
136 112
762 54
336 5
746 387
193 756
814 974
757 805
506 68
662 833
315 166
690 734
493 268
442 187
531 384
858 894
581 336
741 341
185 192
563 801
704 739
533 722
451 38
509 807
498 1000
682 395
7 837
804 272
997 513
57 685
997 649
460 128
906 793
34 665
434 398
187 394
845 719
989 459
362 193
21 498
104 861
278 744
993 560
560 599
381 538
498 551
931 729
125 386
527 879
903 197
84 59
165 373
629 873
487 835
84 98
76 866
209 948
447 471
754 487
934 212
129 485
628 318
74 345
400 61
793 169
630 536
33 565
526 766
678 351
544 318
182 966
486 334
48 133
950 919
105 341
694 613
743 536
416 879
592 896
298 854
669 245
984 659
214 147
299 653
988 879
577 723
716 803
35 677
19 424
55 985
603 198
401 698
375 459
791 292
214 548
252 883
394 797
560 86
912 466
458 123
108 830
232 755
738 937
375 252
979 931
98 709
729 62
28 235
996 693
799 942
789 360
483 273
249 60
253 251
24 514
587 319
471 382
77 38
274 911
988 412
168 948
519 733
737 393
879 823
362 595
309 135
594 406
375 456
622 581
897 380
292 511
914 129
300 500
596 596
134 189
411 121
23 588
15 337
576 504
154 919
193 216
430 56
72 474
706 979
210 322
374 967
828 1000
754 956
817 794
477 785
874 259
685 23
625 388
155 82
723 9
320 67
913 566
108 173
968 445
296 6
797 696
874 751
730 564
665 6
144 1
689 541
117 791
506 791
124 240
861 437
966 897
909 814
719 474
179 863
111 536
74 191
501 248
58 767
483 344
844 157
199 349
911 215
184 27
858 533
827 702
719 603
315 745
773 774
688 160
733 679
209 88
124 699
27 759
381 980
591 290
535 600
239 163
386 91
823 728
769 757
303 748
247 870
434 517
114 831
568 587
418 824
852 732
90 276
129 437
112 851
511 210
607 584
726 803
115 512
887 19
791 766
254 946
352 704
75 226
877 756
856 503
536 30
479 900
391 826
316 828
232 484
150 702
181 328
703 518
304 167
37 211
764 505
676 702
360 90
292 900
736 100
895 196
934 3
165 13
445 376
909 44
328 793
725 343
492 5
628 338
752 198
630 669
201 34
520 739
674 712
134 184
60 789
389 29
378 931
292 99
300 488
481 318
381 396
334 423
297 277
498 477
666 71
376 182
970 411
464 217
617 101
432 920
887 363
951 343
106 554
859 675
347 741
290 67
76 978
463 687
955 302
565 563
15 163
905 86
129 652
509 176
873 236
782 821
310 492
144 611
95 726
542 804
47 491
443 250
110 244
491 641
51 168
970 47
884 662
630 899
148 696
199 809
943 199
150 891
704 880
86 432
522 55
398 372
289 255
876 996
74 426
225 551
839 82
849 134
206 269
495 175
290 47
205 54
961 476
327 674
250 281
54 755
943 459
564 788
60 771
791 256
61 242
356 586
277 933
777 912
196 930
694 166
740 461
188 568
21 551
145 62
281 234
460 694
780 257
128 819
218 261
888 181
809 219
965 439
165 959
909 646
349 139
35 944
217 703
675 839
395 883
252 199
565 390
877 74
376 10
982 651
965 586
779 704
9 547
321 699
650 608
880 776
14 983
641 348
517 851
815 264
324 204
17 621
806 123
228 919
392 89
766 966
669 209
35 110
244 86
745 664
803 189
52 532
882 920
997 912
14 431
123 743
182 748
40 957
490 815
600 588
590 721
602 312
438 206
963 224
483 705
722 308
101 398
622 235
516 251
218 891
202 573
320 317
736 238
727 835
52 722
114 707
385 66
947 276
552 748
102 814
126 338
475 291
162 972
51 759
432 412
899 952
82 992
923 826
266 231
417 122
368 851
215 249
621 62
568 673
348 113
949 117
704 345
29 175
783 664
249 143
437 131
529 770
233 30
611 332
784 669
523 563
888 883
70 43
411 692
375 385
5 952
462 751
196 643
602 676
242 998
211 31
682 214
872 635
931 317
258 861
555 884
843 422
702 671
520 71
365 777
25 952
130 126
465 193
921 534
290 682
284 98
598 153
671 406
101 225
310 772
422 128
207 754
241 79
860 217
142 956
172 141
722 972
16 775
453 886
626 711
764 732
514 236
339 54
863 790
602 341
153 486
164 573
862 185
844 924
641 907
733 50
649 643
869 957
381 155
129 666
708 853
658 419
62 315
592 13
628 740
653 712
577 844
878 831
561 907
399 260
891 314
193 835
217 56
268 696
551 632
450 256
236 15
705 56
987 717
986 33
774 50
886 197
811 32
309 639
983 163
291 832
722 512
13 756
144 13
695 161
390 271
772 370
662 713
634 513
559 4
887 569
355 226
729 273
915 660
